p 252.85296216133452 579.9965765699941 5.0 1.0 0.018445966653981398 0.1527049226053188 basic
p 221.5674878081243 580.0 5.0 1.0 -0.00846843791464169 -0.021588177094904817 basic
p 190.1639150176493 580.0821604739742 5.0 1.0 -0.002137103811822828 0.2984064292659123 basic
p 161.79291345233253 580.0 5.0 1.0 0.0032454529678746184 -0.307736600520063 basic
p 130.51935989594972 579.9753522704499 5.0 1.0 0.0029033859333202124 0.018262870522715025 basic
p 252.6423058421627 550.9745708216116 5.0 1.0 0.003043535261679735 0.00043909710832430726 basic
p 221.09487060907668 551.3868261748179 5.0 1.0 -0.019455465709870085 -0.027150848636689696 basic
p 191.66984530949875 549.852236321382 5.0 1.0 -0.03352686341646451 0.008155879415745608 basic
p 163.26282507597372 550.3235942293385 5.0 1.0 0.0017170478743225703 0.01817556722835626 basic
p 129.68828903920794 548.978117734588 5.0 1.0 0.005933912156785965 0.014305312183997124 basic
p 129.43936718930277 518.6801868490458 5.0 1.0 0.020535349481601944 0.004902948111321505 basic
p 161.73712601179744 517.1805639810021 5.0 1.0 0.0035694500238279835 0.0005115563964960702 basic
p 191.11591763431733 517.6462244357716 5.0 1.0 -0.0024653751333626045 0.005457081137122831 basic
p 223.52590373654766 519.1712687726331 5.0 1.0 -0.009875123736893155 0.00316375425327714 basic
p 252.82625574956742 518.6665643825235 5.0 1.0 -0.011491316434920018 0.01288221024708926 basic
p 254.0308095280694 486.03419756536096 5.0 1.0 0.0021626962094920955 -0.013377094721752148 basic
p 221.85794944011428 486.6159487775842 5.0 1.0 0.007291551893140748 -0.017777070493184548 basic
p 192.60813523015156 487.09291997911134 5.0 1.0 0.004134876241948865 -0.02133373879179905 basic
p 161.3441888453061 487.59245511037744 5.0 1.0 0.010661685579614012 -0.013614737633955296 basic
p 131.18802189886026 488.0781902389468 5.0 1.0 0.011554936958166902 -0.021104985594870618 basic
c 14 15
c 13 15
c 16 15
c 17 16
c 18 17
c 19 18
c 10 18
c 11 18
c 12 17
c 13 16
c 13 14
c 12 13
c 11 12
c 10 11
c 19 10
c 9 10
c 4 9
c 3 4
c 2 3
c 1 2
c 0 1
c 5 0
c 14 5
c 13 6
c 7 6
c 12 7
c 8 7
c 11 8
c 3 8
c 9 8
c 2 7
c 1 6
c 5 6
c 1 5
c 6 0
c 2 6
c 7 1
c 8 2
c 3 7
c 9 3
c 4 8
c 13 5
c 6 14
c 16 14
c 12 16
c 17 13
c 12 6
c 7 13
c 11 7
c 8 12
c 10 8
c 11 9
c 19 11
c 18 12
c 11 17
